1000
67 7 97
95 52 21
28 75 45
99 3 95
26 2 42
17 32 44
72 36 27
36 86 34
43 47 33
81 4 75
2 42 20
85 96 27
65 18 82
54 93 10
27 6 1
34 66 96
42 91 58
11 97 8
0 44 99
60 100 78
79 91 11
7 79 5
25 68 86
0 55 55
38 18 100
7 62 58
6 36 66
65 48 46
94 11 37
48 48 69
45 12 15
5 21 40
3 19 75
55 68 37
70 70 72
7 38 80
4 17 11
47 53 21
69 74 98
31 10 68
49 32 95
25 55 35
21 89 97
88 98 52
83 56 97
25 60 20
78 92 39
67 58 20
27 69 53
57 76 73
18 61 15
22 41 17
90 67 82
36 54 38
72 9 77
98 96 13
94 41 86
16 43 68
25 18 17
24 84 57
100 33 89
5 85 97
68 45 5
30 29 57
76 77 73
32 46 61
83 39 80
95 21 59
26 20 90
7 55 65
20 39 43
79 6 20
46 100 56
80 65 25
48 39 20
48 86 21
81 38 43
66 96 69
3 66 73
44 52 32
1 69 27
64 38 29
80 80 99
82 20 52
49 2 81
73 91 41
1 74 53
65 81 74
64 20 30
82 77 39
78 28 15
8 78 93
87 37 39
78 100 69
91 9 77
58 27 76
25 61 69
31 15 100
14 19 22
100 18 7
83 62 4
22 15 99
13 78 5
91 77 63
23 74 80
96 55 72
68 47 78
43 44 59
23 1 19
81 40 43
66 16 67
82 2 69
12 72 15
29 94 95
97 88 98
67 23 25
63 97 5
61 65 100
30 5 55
27 81 7
62 17 79
46 69 58
67 56 15
67 89 59
83 77 15
100 26 16
95 92 84
12 100 82
86 33 83
87 21 91
76 86 17
10 87 38
78 22 46
52 58 41
90 37 82
43 72 63
47 27 41
1 73 59
73 81 29
81 8 37
67 60 11
23 89 93
60 4 61
42 33 8
93 85 66
21 66 14
5 19 45
24 89 95
2 96 76
4 42 74
13 17 1
38 91 22
16 54 82
22 64 65
34 72 48
51 61 95
24 8 15
68 13 87
28 46 55
55 37 9
85 85 34
91 25 16
76 82 99
49 11 58
86 22 44
56 6 32
20 46 39
75 46 17
94 6 97
61 89 91
9 72 95
35 55 63
89 84 47
68 23 92
10 5 43
21 94 36
33 20 79
57 98 14
24 100 35
39 43 22
36 22 35
54 28 35
59 8 29
37 56 98
49 18 95
77 41 62
17 89 70
38 92 85
6 10 20
68 88 23
61 85 22
46 60 37
37 33 85
87 20 40
33 34 86
51 9 46
75 36 52
54 99 95
0 39 48
78 12 41
23 35 44
12 98 95
88 56 9
62 57 13
8 100 13
91 86 32
56 56 52
66 92 12
2 93 86
22 2 57
84 90 1
52 27 3
47 8 15
4 86 31
91 74 34
18 56 55
27 63 72
80 32 67
100 47 93
64 96 55
33 35 34
34 92 69
25 12 74
55 99 81
97 14 17
61 18 70
98 57 37
48 69 67
20 98 70
77 97 48
92 40 17
19 13 36
14 72 37
10 36 76
15 40 98
24 60 67
40 87 59
8 2 87
40 67 34
11 45 87
32 94 82
69 39 59
70 25 2
59 75 32
94 30 1
40 9 35
48 16 37
58 12 24
56 80 4
98 42 24
75 31 59
74 32 16
78 56 13
28 53 36
21 17 22
78 71 68
42 62 90
23 24 41
72 17 12
55 98 32
90 14 81
93 26 48
27 61 19
18 28 91
99 92 60
82 56 91
8 92 17
35 43 32
17 17 24
30 15 68
30 60 84
47 39 84
23 5 33
51 26 61
30 17 52
66 68 37
97 24 78
64 16 62
43 41 16
28 100 1
57 14 13
4 8 40
99 58 92
93 28 75
3 38 18
95 20 58
7 13 96
37 87 64
25 17 18
100 27 67
34 59 57
79 12 10
46 71 15
3 31 48
73 66 59
55 82 21
27 23 72
2 32 95
61 56 2
10 22 55
51 72 5
100 91 95
81 88 84
50 58 100
23 7 3
68 94 26
1 87 21
93 68 55
70 44 46
15 12 1
45 54 78
73 100 14
57 58 89
24 66 29
36 69 53
22 61 99
33 56 65
62 17 11
53 100 79
52 10 20
93 62 88
10 72 100
16 66 96
72 68 30
74 83 52
74 32 14
96 33 27
15 72 4
95 82 27
51 76 26
58 63 62
60 81 83
61 11 97
34 21 80
45 83 96
18 13 17
87 28 17
87 78 17
22 88 73
19 95 1
72 83 63
94 13 95
20 71 63
68 55 29
21 52 78
54 18 72
56 65 95
33 60 68
35 73 75
47 2 34
21 57 20
98 69 74
5 66 37
17 31 57
46 60 87
74 92 31
99 95 91
96 44 13
54 70 59
47 12 95
25 76 48
38 3 52
21 88 44
45 39 23
81 13 32
30 5 25
86 75 33
97 76 47
70 16 5
50 95 41
6 53 79
22 34 52
90 48 65
12 3 26
32 77 66
54 53 91
5 100 52
73 4 82
70 42 40
84 79 48
74 13 7
21 28 21
46 18 82
52 79 8
11 92 53
74 3 72
13 21 19
40 5 31
18 75 3
16 58 42
61 34 14
99 62 71
8 47 90
43 89 76
42 4 54
49 34 10
13 46 10
59 31 96
100 63 3
45 4 63
48 100 7
34 9 32
41 97 68
43 97 35
83 88 33
82 47 46
66 30 100
57 66 7
23 68 11
46 4 73
65 89 98
52 96 17
59 30 79
16 20 13
54 6 54
83 25 47
29 23 13
14 12 58
100 31 47
95 24 55
26 63 84
52 68 11
48 59 23
57 53 73
77 46 25
38 4 1
96 46 59
63 90 6
69 91 72
25 54 15
36 87 6
47 1 94
98 80 87
44 71 96
26 54 1
66 89 30
31 11 98
1 22 6
35 22 38
8 20 80
15 81 30
1 90 31
13 69 20
6 90 18
67 67 62
32 68 96
88 58 41
51 16 83
66 17 16
29 2 60
98 13 29
84 63 23
75 40 70
32 96 39
10 32 14
40 29 7
23 58 58
43 86 20
82 98 10
27 5 38
99 77 4
2 77 57
67 3 26
52 37 89
56 30 6
8 87 8
77 65 16
32 43 54
99 35 58
100 84 31
86 67 92
63 38 11
7 13 7
71 75 25
38 18 74
56 48 75
73 5 80
95 23 15
44 68 69
12 9 17
60 52 78
12 55 55
97 87 65
88 76 98
71 76 48
67 73 45
30 64 56
38 6 39
62 18 5
48 21 33
53 70 66
17 24 45
75 96 31
29 90 66
47 88 70
93 73 82
56 82 23
24 98 37
9 67 98
86 7 52
53 6 61
95 62 96
55 77 36
69 44 38
47 66 68
59 89 41
89 37 94
51 7 31
12 8 16
52 68 7
34 67 6
28 13 37
43 81 99
30 65 81
19 15 33
3 82 67
16 12 2
71 81 41
84 58 8
61 88 67
61 63 52
15 100 82
3 98 22
44 4 23
32 71 93
51 34 61
17 79 13
39 5 87
38 2 57
97 40 88
73 93 3
79 88 11
65 83 43
8 7 32
1 95 53
47 27 8
37 77 96
19 78 93
48 55 54
75 52 73
7 52 70
84 98 25
44 26 6
16 86 46
60 86 100
57 61 15
0 54 4
37 21 1
75 97 39
71 86 34
4 78 15
61 87 41
10 34 82
100 9 27
65 88 97
79 7 62
32 60 75
47 66 45
34 44 71
82 47 30
87 57 12
23 36 86
7 84 22
21 80 63
99 97 98
39 12 84
44 95 98
65 34 26
52 56 84
79 6 30
98 41 60
100 55 38
32 10 75
25 43 2
97 10 17
100 98 41
53 89 74
88 27 3
79 74 13
7 52 33
1 12 64
98 31 67
1 28 70
99 70 86
100 76 79
0 15 62
74 86 76
97 81 53
82 65 54
65 77 35
67 48 15
73 67 79
13 68 39
67 43 16
35 81 8
16 39 79
98 39 27
51 82 15
88 17 100
53 90 67
6 26 84
41 98 74
3 40 45
100 64 45
78 3 72
50 22 86
4 57 29
33 36 11
12 72 83
37 54 52
91 2 11
34 78 66
85 9 98
96 23 25
4 45 66
41 48 10
62 46 1
4 87 25
93 40 71
19 80 12
17 36 76
14 46 40
63 39 40
4 47 5
56 61 7
57 41 42
96 28 17
2 9 3
1 23 57
16 81 80
61 55 7
43 82 22
25 24 95
82 93 96
30 9 85
59 82 94
55 94 27
28 2 36
82 89 7
100 31 11
100 28 10
81 64 70
84 79 77
36 60 91
38 20 36
74 29 63
65 77 76
76 70 22
34 29 37
74 86 67
37 43 86
45 24 72
84 71 12
57 64 92
67 45 84
51 61 55
89 11 13
2 35 88
85 55 91
77 76 20
46 54 18
20 11 46
5 74 9
25 93 2
10 34 81
0 20 21
99 10 38
84 18 41
18 69 54
41 88 72
42 13 34
7 54 41
66 43 12
75 56 53
11 45 47
40 58 61
96 67 6
33 55 85
37 17 62
45 94 28
55 94 47
28 9 52
70 87 37
99 99 99
8 61 41
30 64 33
66 25 14
86 41 9
44 33 42
29 25 59
99 70 27
84 40 70
84 1 80
100 91 18
66 22 24
84 90 42
86 82 81
39 85 37
9 3 8
4 92 13
100 45 18
42 7 15
14 33 90
72 69 8
92 33 47
7 33 36
46 100 80
85 85 71
73 94 6
98 23 27
77 91 2
12 33 57
44 5 97
40 31 94
28 81 52
59 60 85
10 28 72
82 35 76
35 87 31
48 64 69
30 74 67
55 32 37
19 25 7
84 74 99
6 33 77
59 46 2
67 88 33
64 25 83
100 37 76
0 57 27
97 7 12
46 83 61
13 42 34
64 81 11
13 15 75
52 23 15
33 12 86
93 37 34
74 77 38
83 45 78
73 9 85
76 47 70
91 10 23
6 74 68
50 69 97
2 76 15
15 48 19
93 94 28
29 16 45
70 100 38
84 79 64
35 9 73
32 15 55
28 1 34
37 92 57
82 45 77
47 25 9
84 75 56
6 54 76
3 53 40
47 71 80
98 29 77
91 65 22
25 63 58
0 68 90
13 99 9
72 73 82
91 24 30
83 27 46
75 53 41
77 83 32
79 29 41
55 80 45
50 82 26
11 99 88
36 65 62
83 98 82
55 36 81
79 100 64
52 72 19
95 44 79
57 59 38
79 46 84
70 67 75
31 3 8
12 65 66
37 26 33
28 43 83
71 28 4
14 60 30
45 61 96
45 3 87
15 28 37
52 33 14
77 61 9
72 53 57
90 78 19
70 35 40
56 43 8
97 44 64
5 95 26
54 13 86
100 60 84
92 82 14
30 86 56
47 52 75
16 11 38
91 22 82
29 81 85
100 66 7
20 73 91
34 78 21
43 9 84
41 9 44
42 63 85
72 21 28
80 94 17
57 87 8
49 78 52
17 52 13
72 40 83
71 87 7
94 29 61
77 21 90
43 58 83
38 86 11
37 29 63
57 26 71
87 15 84
15 90 92
90 22 23
79 13 6
41 97 37
41 20 71
29 37 5
97 69 86
20 46 63
24 57 9
57 10 21
7 78 53
84 98 55
31 46 91
35 16 42
97 10 91
79 4 33
95 59 36
41 87 80
9 76 39
67 10 77
2 94 46
92 67 54
17 81 100
13 28 46
100 91 42
6 68 91
22 97 31
100 39 9
67 43 20
92 3 36
71 35 27
33 44 96
16 97 9
96 74 56
61 95 87
78 13 34
58 16 65
65 19 26
22 28 37
49 79 11
29 72 80
63 53 74
97 40 45
41 26 27
14 89 2
19 32 19
59 83 100
56 22 38
21 84 62
38 96 19
81 3 94
45 70 62
63 74 95
65 39 45
57 27 68
76 87 22
63 43 23
14 81 78
74 9 58
0 2 42
77 67 94
20 28 98
79 69 11
31 43 35
38 68 94
1 55 20
34 92 25
13 55 55
98 6 75
90 70 34
73 81 87
43 24 79
52 27 39
61 6 25
24 57 38
71 52 15
67 45 63
15 27 85
57 75 18
80 60 28
87 63 16
46 74 16
95 22 15
66 75 25
77 88 1
38 55 3
1 7 59
86 89 75
19 23 85
55 71 19
91 54 60
94 75 65
56 84 29
100 1 1
50 91 58
35 55 45
48 38 28
58 20 22
79 40 83
95 85 18
77 28 9
74 76 22
53 80 34
52 36 12
23 76 96
85 12 5
10 37 85
28 74 83
40 47 81
84 38 75
41 12 92
63 93 100
53 48 15
94 7 87
11 30 40
88 40 84
97 96 54
66 96 69
47 92 81
34 27 91
34 5 87
50 65 61
67 77 35
91 63 31
19 41 36
29 42 62
57 28 81
99 60 89
82 19 81
99 92 73
100 74 54
14 36 81
57 92 78
34 64 3
70 72 24
74 98 45
61 11 61
59 22 76
84 30 23
19 67 40
73 32 97
78 31 43
25 85 66
53 48 96
11 72 92
36 4 21
38 4 40
81 30 41
9 10 84
80 5 56
88 45 37
20 46 23
99 41 62
13 64 55
87 93 35
63 73 6
19 7 99
88 7 40
31 9 97
59 19 85
5 42 25
17 63 22
100 6 31
22 95 30
61 58 61
57 85 91
84 53 47
24 81 77
83 21 71
37 65 24
85 7 21
